173
269
209
401
198
583
21
94
774
191
615
982
885
556
950
529
756
605
715
65
535
13
931
707
362
160
56
904
230
736
864
767
534
301
340
702
157
282
756
47
174
462
446
47
75
920
580
712
658
530
234
283
880
150
623
157
881
385
824
704
546
92
58
288
528
930
43
215
392
917
263
511
693
330
170
665
551
211
827
350
677
202
122
443
645
423
449
296
561
905
751
70
428
231
581
847
144
692
959
40
185
610
713
750
674
246
78
96
229
74
775
220
701
963
181
698
382
585
978
142
497
252
346
977
980
611
905
884
180
435
733
184
269
645
164
948
641
601
262
452
165
297
65
820
479
10
115
39
379
728
